730 946866 1252426 1220148 1194083 894515 1151299 805014 743317
578080 381408 532018 514500 497134 257009 564311 273451 380390
1203220 169469 258780 246151 232256 137629 237143 128883 166595
1172470 195808 307557 294159 294159 159602 290435 159184 202303
271590 177087 225245 228283 226461 151293 195689 118655 158972
570 495245 633437 650959 650959 403581 662687 380080 578072
440 182616 174450 177073 183850 194485 168562 58281 92520
1086940 126997 164784 173009 173009 117906 169661 96245 142138
1966720 64812 123803 130309 130309 58484 125453 41424 66454
582010 81036 118616 121485 121485 71221 131557 77109 91665
